#PATH-POINTS-START Overall Path

-155.078,9.016,120,0
-153.917,10.645,119.93
-152.756,12.273,119.86
-151.595,13.902,119.79
-150.434,15.53,119.721
-149.273,17.159,119.651
-148.112,18.788,119.581
-146.952,20.416,119.511
-145.791,22.045,119.441
-144.63,23.674,119.371
-143.469,25.302,119.301
-142.308,26.931,119.231
-141.147,28.56,119.162
-139.987,30.188,119.092
-138.826,31.817,119.022
-137.665,33.445,118.952
-136.504,35.074,118.882
-135.343,36.703,118.812
-134.182,38.331,118.742
-133.022,39.96,118.673
-131.861,41.589,118.603
-130.7,43.217,118.533
-129.539,44.846,118.463
-128.378,46.475,118.393
-127.217,48.103,118.323
-126.057,49.732,118.253
-124.896,51.36,118.183
-123.735,52.989,118.114
-122.574,54.618,118.044
-121.413,56.246,117.974
-120.252,57.875,117.904
-118.525,58.439,117.834,0
-116.526,58.493,117.764
-114.527,58.546,117.694
-112.527,58.599,117.625
-110.528,58.652,117.555
-108.529,58.705,117.485
-106.529,58.758,117.415
-104.53,58.811,117.345
-102.531,58.864,117.275
-100.532,58.917,117.205
-98.532,58.97,117.135
-96.533,59.023,117.066
-94.534,59.076,116.996
-92.534,59.13,116.926
-90.535,59.183,116.856
-88.536,59.236,116.786
-86.537,59.289,116.716
-84.537,59.342,116.646
-82.538,59.395,116.577
-80.539,59.448,116.507
-78.539,59.501,116.437
-76.54,59.554,116.367
-74.541,59.607,116.297
-72.541,59.66,116.227
-70.542,59.713,116.157
-68.543,59.766,116.087
-66.544,59.82,116.018
-64.544,59.873,115.948
-62.545,59.926,115.878
-60.546,59.979,115.808,0
-59.132,58.582,115.738
-57.73,57.156,115.668
-56.328,55.729,115.598
-54.927,54.302,115.529
-53.525,52.876,115.459
-52.123,51.449,115.389
-50.721,50.023,115.319
-49.32,48.596,115.249
-47.918,47.17,115.179
-46.516,45.743,115.109
-45.114,44.317,115.039
-43.713,42.89,114.97
-42.311,41.463,114.9
-40.909,40.037,114.83
-39.507,38.61,114.76
-38.106,37.184,114.69
-36.704,35.757,114.62
-35.302,34.331,114.55
-33.9,32.904,114.481
-32.499,31.477,114.411
-31.097,30.051,114.341
-29.695,28.624,114.271
-28.293,27.198,114.201
-26.892,25.771,114.131
-25.49,24.345,114.061
-24.088,22.918,113.991
-22.686,21.491,113.922
-21.284,20.065,113.852
-19.883,18.638,113.782
-18.481,17.212,113.712
-17.079,15.785,113.642
-15.677,14.359,113.572
-14.276,12.932,113.502
-12.874,11.506,113.433
-11.472,10.079,113.363
-10.07,8.652,113.293
-8.669,7.226,113.223
-7.267,5.799,113.153
-5.865,4.373,113.083
-4.463,2.946,113.013
-3.062,1.52,112.943
-1.66,0.093,112.874,0
-0.566,0.673,112.804
0.344,2.454,112.734
1.254,4.235,112.664
2.164,6.016,112.594
3.074,7.797,112.524
3.984,9.578,112.454
4.894,11.359,112.385
5.804,13.14,112.315
6.714,14.921,112.245
7.624,16.702,112.175
8.534,18.483,112.105
9.444,20.264,112.035
10.354,22.045,111.965
11.264,23.826,111.896
12.174,25.607,111.826
13.083,27.388,111.756
13.993,29.169,111.686
14.903,30.95,111.616
15.813,32.731,111.546
16.723,34.512,111.476
17.633,36.293,111.406
18.543,38.074,111.337
19.453,39.855,111.267
20.363,41.636,111.197
21.273,43.417,111.127
22.183,45.198,111.057
23.093,46.979,110.987
24.003,48.76,110.917
24.913,50.541,110.848
25.823,52.322,110.778
26.733,54.103,110.708
27.643,55.884,110.638
28.553,57.665,110.568
29.463,59.446,110.498
30.372,61.227,110.428
31.282,63.008,110.358
32.192,64.789,110.289
33.102,66.57,110.219
34.012,68.351,110.149
34.922,70.132,110.079
35.832,71.913,110.009
36.742,73.694,109.939
37.652,75.475,109.869
38.562,77.256,109.8
39.472,79.037,109.73
40.382,80.818,109.66
41.292,82.599,109.59
42.202,84.38,109.52
43.112,86.161,109.45
44.022,87.942,109.38
44.932,89.723,109.31
45.842,91.504,109.241
46.752,93.285,109.171
47.661,95.066,109.101
48.571,96.847,109.031
49.481,98.628,108.961
50.391,100.409,108.891
51.301,102.19,108.821
52.211,103.971,108.752
53.121,105.752,108.682
54.031,107.533,108.612
54.941,109.314,108.542
55.851,111.095,108.472
56.761,112.876,108.402
57.671,114.657,108.332
58.581,116.438,108.262
59.491,118.219,108.193
60.462,119.938,108.123,0
62.251,120.833,108.053
64.04,121.727,107.983
65.829,122.621,107.913
67.618,123.516,107.843
69.407,124.41,107.773
71.195,125.305,107.704
72.984,126.199,107.634
74.773,127.094,107.564
76.562,127.988,107.494
78.351,128.882,107.424
80.14,129.777,107.354
81.928,130.671,107.284
83.717,131.566,107.214
85.506,132.46,107.145
87.295,133.355,107.075
89.084,134.249,107.005
90.873,135.143,106.935
92.662,136.038,106.865
94.45,136.932,106.795
96.239,137.827,106.725
98.028,138.721,106.656
99.817,139.616,106.586
101.606,140.51,106.516
103.395,141.404,106.446
105.184,142.299,106.376
106.972,143.193,106.306
108.761,144.088,106.236
110.55,144.982,106.166
112.339,145.877,106.097
114.128,146.771,106.027
115.917,147.665,105.957
117.706,148.56,105.887
119.494,149.454,105.817
121.283,150.349,105.747
123.072,151.243,105.677
124.861,152.138,105.608
126.65,153.032,105.538
128.439,153.926,105.468
130.228,154.821,105.398
132.016,155.715,105.328
133.805,156.61,105.258
135.594,157.504,105.188
137.383,158.399,105.118
139.172,159.293,105.049
140.961,160.187,104.979
142.75,161.082,104.909
144.538,161.976,104.839
146.327,162.871,104.769
148.116,163.765,104.699
149.905,164.66,104.629
151.694,165.554,104.56
153.483,166.448,104.49
154.754,166.788,104.42,0
153.984,164.942,104.35
153.214,163.096,104.28
152.444,161.251,104.21
151.674,159.405,104.14
150.904,157.559,104.07
150.134,155.713,104.001
149.364,153.867,103.931
148.594,152.021,103.861
147.824,150.176,103.791
147.054,148.33,103.721
146.284,146.484,103.651
145.514,144.638,103.581
144.744,142.792,103.512
143.974,140.946,103.442
143.204,139.1,103.372
142.434,137.255,103.302
141.664,135.409,103.232
140.894,133.563,103.162
140.124,131.717,103.092
139.354,129.871,103.022
138.584,128.025,102.953
137.814,126.18,102.883
137.044,124.334,102.813
136.274,122.488,102.743
135.504,120.642,102.673
134.734,118.796,102.603
133.964,116.95,102.533
133.194,115.105,102.464
132.424,113.259,102.394
131.654,111.413,102.324
130.884,109.567,102.254
130.114,107.721,102.184
129.344,105.875,102.114
128.574,104.029,102.044
127.804,102.184,101.974
127.034,100.338,101.905
126.264,98.492,101.835
125.494,96.646,101.765
124.724,94.8,101.695
123.954,92.954,101.625
123.184,91.109,101.555
122.414,89.263,101.485
121.644,87.417,101.416
120.874,85.571,101.346
120.104,83.725,101.276
119.334,81.879,101.206
118.564,80.034,101.136
117.794,78.188,101.066
117.025,76.342,100.996
116.566,74.436,100.926,0
116.595,72.436,100.857
116.623,70.436,100.787
116.652,68.437,100.717
116.68,66.437,100.647
116.709,64.437,100.577
116.738,62.437,100.507
116.766,60.437,100.437
116.795,58.438,100.368
116.823,56.438,100.298
116.852,54.438,100.228
116.88,52.438,100.158
116.909,50.438,100.088
116.938,48.439,100.018
116.966,46.439,99.948
116.995,44.439,99.878
117.023,42.439,99.809
117.052,40.439,99.739
117.08,38.44,99.669
117.109,36.44,99.599
117.138,34.44,99.529
117.166,32.44,99.459
117.195,30.44,99.389
117.223,28.441,99.32
117.252,26.441,99.25
117.28,24.441,99.18
117.309,22.441,99.11
117.338,20.441,99.04
117.366,18.442,98.97
117.395,16.442,98.9
117.423,14.442,98.83
117.452,12.442,98.761
117.48,10.442,98.691
117.509,8.443,98.621
117.538,6.443,98.551
117.566,4.443,98.481
117.595,2.443,98.411
117.618,0.443,98.341,0
117.63,-1.557,98.272
117.623,-3.557,98.202
117.597,-5.556,98.132
117.547,-7.556,98.062
117.469,-9.554,97.992
117.356,-11.551,97.922
117.199,-13.545,97.852
116.99,-15.534,97.782
116.704,-17.513,97.713
116.313,-19.474,97.643
115.75,-21.392,97.573
114.876,-23.184,97.503
113.364,-24.432,97.433
111.428,-24.171,97.363
109.795,-23.028,97.293
108.39,-21.606,97.224
107.12,-20.062,97.154
105.936,-18.451,97.084
104.812,-16.797,97.014
103.732,-15.113,96.944
102.684,-13.409,96.874
101.663,-11.69,96.804
100.664,-9.957,96.734
99.68,-8.216,96.665
98.711,-6.467,96.595
97.752,-4.711,96.525
96.802,-2.951,96.455
95.86,-1.187,96.385
94.923,0.58,96.315
93.99,2.349,96.245
93.061,4.12,96.176
92.134,5.892,96.106
91.208,7.665,96.036
90.283,9.438,95.966
89.357,11.211,95.896
88.43,12.983,95.826
87.502,14.754,95.756
86.57,16.524,95.687
85.636,18.293,95.617
84.698,20.059,95.547
83.755,21.823,95.477
82.807,23.584,95.407
81.852,25.341,95.337
80.892,27.095,95.267
79.924,28.845,95.197
78.948,30.591,95.128
77.963,32.332,95.058
76.967,34.067,94.988
75.961,35.795,94.918
74.944,37.517,94.848
73.914,39.231,94.778
72.87,40.937,94.708
71.81,42.633,94.639
70.734,44.319,94.569
69.639,45.993,94.499
68.526,47.654,94.429
67.389,49.3,94.359
66.228,50.928,94.289
65.042,52.538,94.219
63.824,54.125,94.149
62.573,55.685,94.08
61.287,57.217,94.01
59.956,58.71,93.94
58.584,60.164,93.87,0
57.206,61.614,93.8
55.856,63.09,93.73
54.532,64.588,93.66
53.234,66.11,93.591
51.959,67.651,93.521
50.71,69.213,93.451
49.481,70.791,93.381
48.275,72.386,93.311
47.088,73.996,93.241
45.922,75.621,93.171
44.773,77.258,93.101
43.643,78.908,93.032
42.529,80.569,92.962
41.432,82.241,92.892
40.349,83.923,92.822
39.283,85.615,92.752
38.228,87.314,92.682
37.188,89.022,92.612
36.159,90.737,92.543
35.143,92.46,92.473
34.136,94.188,92.403
33.141,95.923,92.333
32.154,97.663,92.263
31.177,99.408,92.193
30.207,101.157,92.123
29.246,102.91,92.053
28.29,104.667,91.984
27.34,106.427,91.914
26.396,108.19,91.844
25.455,109.955,91.774
24.519,111.723,91.704
23.585,113.491,91.634
22.652,115.26,91.564
21.72,117.03,91.495
20.788,118.8,91.425
19.855,120.568,91.355
18.918,122.335,91.285
17.977,124.1,91.215
17.031,125.862,91.145
16.077,127.62,91.075
15.112,129.372,91.005
14.136,131.118,90.936
13.144,132.854,90.866
12.134,134.58,90.796
11.1,136.292,90.726
10.037,137.987,90.656
8.939,139.658,90.586
7.797,141.299,90.516
6.597,142.899,90.447
5.322,144.44,90.377
3.949,145.894,90.307
2.439,147.203,90.237
0.749,148.267,90.167
-1.098,148.526,90.097,0
-2.884,147.625,90.027
-4.669,146.724,89.957
-6.455,145.824,89.888
-8.241,144.923,89.818
-10.026,144.022,89.748
-11.812,143.121,89.678
-13.597,142.22,89.608
-15.383,141.319,89.538
-17.169,140.418,89.468
-18.954,139.518,89.399
-20.74,138.617,89.329
-22.526,137.716,89.259
-24.311,136.815,89.189
-26.097,135.914,89.119
-27.882,135.013,89.049
-29.668,134.112,88.979
-31.454,133.212,88.909
-33.239,132.311,88.84
-35.025,131.41,88.77
-36.811,130.509,88.7
-38.596,129.608,88.63
-40.382,128.707,88.56
-42.167,127.807,88.49
-43.953,126.906,88.42
-45.739,126.005,88.351
-47.524,125.104,88.281
-49.31,124.203,88.211
-51.096,123.302,88.141
-52.881,122.401,88.071
-54.667,121.501,88.001
-56.452,120.6,87.931
-58.238,119.699,87.861
-60.022,119.906,87.792,0
-61.804,120.813,87.722
-63.587,121.72,87.652
-65.369,122.627,87.582
-67.152,123.534,87.512
-68.935,124.441,87.442
-70.717,125.348,87.372
-72.5,126.255,87.303
-74.282,127.162,87.233
-76.065,128.068,87.163
-77.847,128.975,87.093
-79.63,129.882,87.023
-81.412,130.789,86.953
-83.195,131.696,86.883
-84.978,132.603,86.813
-86.76,133.51,86.744
-88.543,134.417,86.674
-90.325,135.324,86.604
-92.108,136.231,86.534
-93.89,137.138,86.464
-95.673,138.044,86.394
-97.455,138.951,86.324
-99.238,139.858,86.255
-101.021,140.765,86.185
-102.803,141.672,86.115
-104.586,142.579,86.045
-106.368,143.486,85.975
-108.151,144.393,85.905
-109.933,145.3,85.835
-111.716,146.207,85.765
-113.499,147.114,85.696
-115.281,148.021,85.626
-117.064,148.927,85.556
-118.826,149.8,85.486,0
-118.946,147.803,85.416
-119.066,145.807,85.346
-119.186,143.81,85.276
-119.305,141.814,85.207
-119.425,139.818,85.137
-119.545,137.821,85.067
-119.665,135.825,84.997
-119.785,133.828,84.927
-119.904,131.832,84.857
-120.024,129.835,84.787
-120.144,127.839,84.717
-120.264,125.843,84.648
-120.383,123.846,84.578
-122.105,123.467,84.508,0
-124.103,123.365,84.438
-126.1,123.264,84.368
-128.098,123.162,84.298
-130.095,123.061,84.228
-132.093,122.959,84.159
-134.09,122.857,84.089
-136.087,122.756,84.019
-138.085,122.654,83.949
-140.082,122.553,83.879
-142.08,122.451,83.809
-144.077,122.35,83.739
-146.074,122.248,83.669
-148.072,122.146,83.6
-150.069,122.045,83.53
-151.639,122.601,83.46,0
-152.354,124.469,83.39
-153.069,126.336,83.32
-153.784,128.204,83.25
-154.5,130.072,83.18
-155.215,131.94,83.111
-155.93,133.807,83.041
-156.646,135.675,82.971
-157.361,137.543,82.901
-158.076,139.41,82.831
-158.792,141.278,82.761
-159.507,143.146,82.691
-160.222,145.014,82.621
-160.937,146.881,82.552
-161.653,148.749,82.482
-162.368,150.617,82.412
-163.083,152.484,82.342
-163.799,154.352,82.272
-164.514,156.22,82.202
-165.229,158.088,82.132
-165.944,159.955,82.063
-166.66,161.823,81.993
-167.375,163.691,81.923
-168.09,165.558,81.853
-168.806,167.426,81.783
-169.521,169.294,81.713
-170.236,171.162,81.643,0
-169.939,169.623,81.573
-169.518,167.668,81.504
-169.097,165.712,81.434
-168.675,163.757,81.364
-168.254,161.802,81.294
-167.833,159.847,81.224
-167.412,157.892,81.154
-166.991,155.937,81.084
-166.569,153.982,81.015
-166.148,152.026,80.945
-165.727,150.071,80.875
-165.306,148.116,80.805
-164.885,146.161,80.735
-164.464,144.206,80.665
-164.042,142.251,80.595
-163.621,140.296,80.525
-163.2,138.34,80.456
-162.779,136.385,80.386
-162.358,134.43,80.316
-161.936,132.475,80.246
-161.515,130.52,80.176
-161.094,128.565,80.106
-160.673,126.61,80.036
-160.252,124.654,79.967
-159.831,122.699,79.897
-159.409,120.744,79.827
-158.988,118.789,79.757
-158.567,116.834,79.687
-158.146,114.879,79.617
-157.725,112.923,79.547
-157.304,110.968,79.478
-156.882,109.013,79.408
-156.461,107.058,79.338
-156.04,105.103,79.268
-155.619,103.148,79.198
-155.198,101.193,79.128
-154.776,99.237,79.058
-154.355,97.282,78.988
-153.934,95.327,78.919
-153.513,93.372,78.849
-153.092,91.417,78.779
-152.671,89.462,78.709
-152.249,87.507,78.639
-151.828,85.551,78.569
-151.407,83.596,78.499
-150.986,81.641,78.43
-150.565,79.686,78.36
-150.144,77.731,78.29
-149.722,75.776,78.22
-149.301,73.82,78.15
-148.88,71.865,78.08
-148.459,69.91,78.01
-148.038,67.955,77.94
-147.616,66,77.871
-147.195,64.045,77.801
-146.774,62.09,77.731
-146.353,60.134,77.661
-145.932,58.179,77.591
-145.511,56.224,77.521
-145.089,54.269,77.451
-144.668,52.314,77.382
-144.247,50.359,77.312
-143.826,48.404,77.242
-143.405,46.448,77.172
-142.984,44.493,77.102
-142.562,42.538,77.032
-142.141,40.583,76.962
-141.72,38.628,76.892
-141.299,36.673,76.823
-140.878,34.717,76.753
-140.456,32.762,76.683
-140.035,30.807,76.613
-139.614,28.852,76.543
-139.193,26.897,76.473
-138.772,24.942,76.403
-138.351,22.987,76.334
-137.929,21.031,76.264
-137.508,19.076,76.194
-137.087,17.121,76.124
-136.666,15.166,76.054
-136.245,13.211,75.984
-135.823,11.256,75.914
-135.402,9.301,75.844
-134.981,7.345,75.775
-134.56,5.39,75.705
-134.139,3.435,75.635
-133.718,1.48,75.565
-133.296,-0.475,75.495
-132.875,-2.43,75.425
-132.454,-4.386,75.355
-132.033,-6.341,75.286
-131.612,-8.296,75.216
-131.191,-10.251,75.146
-130.769,-12.206,75.076
-130.348,-14.161,75.006
-129.927,-16.116,74.936
-129.506,-18.072,74.866
-129.085,-20.027,74.796
-128.663,-21.982,74.727
-128.242,-23.937,74.657
-127.821,-25.892,74.587
-127.4,-27.847,74.517
-126.979,-29.802,74.447
-126.558,-31.758,74.377
-126.136,-33.713,74.307
-125.715,-35.668,74.238
-125.294,-37.623,74.168
-124.873,-39.578,74.098
-124.452,-41.533,74.028
-124.031,-43.489,73.958
-123.609,-45.444,73.888
-123.188,-47.399,73.818
-122.767,-49.354,73.748
-122.346,-51.309,73.679
-121.925,-53.264,73.609
-121.503,-55.219,73.539
-121.082,-57.175,73.469
-120.661,-59.13,73.399,0
-119.636,-60.33,73.329
-117.636,-60.313,73.259
-115.636,-60.295,73.19
-113.636,-60.277,73.12
-111.636,-60.26,73.05
-109.637,-60.242,72.98
-107.637,-60.224,72.91
-105.637,-60.206,72.84
-103.637,-60.189,72.77
-101.637,-60.171,72.7
-99.637,-60.153,72.631
-97.637,-60.136,72.561
-95.637,-60.118,72.491
-93.637,-60.1,72.421
-91.637,-60.083,72.351
-89.637,-60.065,72.281
-87.637,-60.047,72.211
-85.637,-60.029,72.142
-83.638,-60.012,72.072
-81.638,-59.994,72.002
-79.638,-59.976,71.932
-77.638,-59.959,71.862
-75.638,-59.941,71.792
-73.638,-59.923,71.722
-71.638,-59.906,71.652
-69.638,-59.888,71.583
-67.638,-59.87,71.513
-65.638,-59.852,71.443
-63.638,-59.835,71.373
-61.638,-59.817,71.303
-60.993,-61.203,71.233,0
-60.939,-63.203,71.163
-60.885,-65.202,71.094
-60.831,-67.201,71.024
-60.777,-69.2,70.954
-60.723,-71.2,70.884
-60.669,-73.199,70.814
-60.615,-75.198,70.744
-60.561,-77.198,70.674
-60.507,-79.197,70.604
-60.453,-81.196,70.535
-60.399,-83.195,70.465
-60.345,-85.195,70.395
-60.291,-87.194,70.325
-60.237,-89.193,70.255
-60.183,-91.192,70.185
-60.128,-93.192,70.115
-60.074,-95.191,70.046
-60.02,-97.19,69.976
-59.966,-99.19,69.906
-59.912,-101.189,69.836
-59.858,-103.188,69.766
-59.804,-105.187,69.696
-59.75,-107.187,69.626
-59.696,-109.186,69.556
-59.642,-111.185,69.487
-59.588,-113.184,69.417
-59.534,-115.184,69.347
-59.48,-117.183,69.277
-58.527,-118.627,69.207,0
-56.764,-119.571,69.137
-55.001,-120.514,69.067
-53.237,-121.458,68.998
-51.474,-122.402,68.928
-49.71,-123.345,68.858
-47.947,-124.289,68.788
-46.184,-125.232,68.718
-44.42,-126.176,68.648
-42.657,-127.12,68.578
-40.893,-128.063,68.508
-39.13,-129.007,68.439
-37.366,-129.95,68.369
-35.603,-130.894,68.299
-33.84,-131.837,68.229
-32.076,-132.781,68.159
-30.313,-133.725,68.089
-28.549,-134.668,68.019
-26.786,-135.612,67.95
-25.022,-136.555,67.88
-23.259,-137.499,67.81
-21.496,-138.443,67.74
-19.732,-139.386,67.67
-17.969,-140.33,67.6
-16.205,-141.273,67.53
-14.442,-142.217,67.46
-12.679,-143.16,67.391
-10.915,-144.104,67.321
-9.152,-145.048,67.251
-7.388,-145.991,67.181
-5.625,-146.935,67.111
-3.861,-147.878,67.041
-2.098,-148.822,66.971
-0.335,-149.766,66.902
1.434,-149.662,66.832,0
3.207,-148.736,66.762
4.979,-147.81,66.692
6.752,-146.883,66.622
8.524,-145.957,66.552
10.297,-145.031,66.482
12.07,-144.105,66.412
13.842,-143.179,66.343
15.615,-142.252,66.273
17.387,-141.326,66.203
19.16,-140.4,66.133
20.933,-139.474,66.063
22.705,-138.547,65.993
24.478,-137.621,65.923
26.25,-136.695,65.854
28.023,-135.769,65.784
29.796,-134.843,65.714
31.568,-133.916,65.644
33.341,-132.99,65.574
35.113,-132.064,65.504
36.886,-131.138,65.434
38.659,-130.211,65.364
40.431,-129.285,65.295
42.204,-128.359,65.225
43.976,-127.433,65.155
45.749,-126.507,65.085
47.522,-125.58,65.015
49.294,-124.654,64.945
51.067,-123.728,64.875
52.839,-122.802,64.806
54.612,-121.875,64.736
56.385,-120.949,64.666
58.157,-120.023,64.596
58.773,-118.389,64.526,0
58.791,-116.389,64.456
58.809,-114.389,64.386
58.827,-112.389,64.316
58.846,-110.389,64.247
58.864,-108.389,64.177
58.882,-106.389,64.107
58.9,-104.389,64.037
58.918,-102.389,63.967
58.937,-100.39,63.897
58.955,-98.39,63.827
58.973,-96.39,63.758
58.991,-94.39,63.688
59.009,-92.39,63.618
59.027,-90.39,63.548
59.046,-88.39,63.478
59.064,-86.39,63.408
59.082,-84.39,63.338
59.1,-82.39,63.269
59.118,-80.39,63.199
59.137,-78.39,63.129
59.155,-76.391,63.059
59.173,-74.391,62.989
59.191,-72.391,62.919
59.209,-70.391,62.849
59.227,-68.391,62.779
59.246,-66.391,62.71
59.264,-64.391,62.64
59.282,-62.391,62.57,0
60.336,-63.016,62.5
61.715,-64.464,62.43
63.094,-65.913,62.36
64.473,-67.361,62.29
65.853,-68.809,62.221
67.232,-70.258,62.151
68.611,-71.706,62.081
69.99,-73.155,62.011
71.369,-74.603,61.941
72.748,-76.052,61.871
74.127,-77.5,61.801
75.506,-78.949,61.731
76.886,-80.397,61.662
78.265,-81.845,61.592
79.644,-83.294,61.522
81.023,-84.742,61.452
82.402,-86.191,61.382
83.781,-87.639,61.312
85.16,-89.088,61.242
86.54,-90.536,61.173
87.919,-91.985,61.103
89.298,-93.433,61.033
90.677,-94.881,60.963
92.056,-96.33,60.893
93.435,-97.778,60.823
94.814,-99.227,60.753
96.194,-100.675,60.683
97.573,-102.124,60.614
98.952,-103.572,60.544
100.331,-105.021,60.474
101.71,-106.469,60.404
103.089,-107.917,60.334
104.468,-109.366,60.264
105.848,-110.814,60.194
107.227,-112.263,60.125
108.606,-113.711,60.055
109.985,-115.16,59.985
111.364,-116.608,59.915
112.743,-118.056,59.845
114.122,-119.505,59.775
115.501,-120.953,59.705
116.881,-122.402,59.635
118.26,-123.85,59.566
119.639,-125.299,59.496
121.018,-126.747,59.426
122.397,-128.196,59.356
123.776,-129.644,59.286
125.155,-131.092,59.216
126.535,-132.541,59.146
127.914,-133.989,59.077
129.293,-135.438,59.007
130.672,-136.886,58.937
132.051,-138.335,58.867
133.43,-139.783,58.797
134.809,-141.232,58.727
136.189,-142.68,58.657
137.568,-144.128,58.587
138.947,-145.577,58.518
140.326,-147.025,58.448
141.705,-148.474,58.378
143.084,-149.922,58.308
144.463,-151.371,58.238
145.842,-152.819,58.168
147.222,-154.267,58.098
148.601,-155.716,58.029
149.98,-157.164,57.959
151.359,-158.613,57.889
152.738,-160.061,57.819
154.117,-161.51,57.749
155.496,-162.958,57.679
156.876,-164.407,57.609
158.255,-165.855,57.539
159.634,-167.303,57.47
161.013,-168.752,57.4
162.392,-170.2,57.33
163.771,-171.649,57.26,0
163.543,-169.847,57.19
163.228,-167.872,57.12
162.914,-165.897,57.05
162.599,-163.922,56.981
162.285,-161.947,56.911
161.97,-159.972,56.841
161.656,-157.997,56.771
161.342,-156.021,56.701
161.027,-154.046,56.631
160.713,-152.071,56.561
160.398,-150.096,56.491
160.084,-148.121,56.422
159.769,-146.146,56.352
159.455,-144.171,56.282
159.14,-142.196,56.212
158.826,-140.22,56.142
158.512,-138.245,56.072
158.197,-136.27,56.002
157.883,-134.295,55.933
157.568,-132.32,55.863
157.254,-130.345,55.793
156.939,-128.37,55.723
156.625,-126.394,55.653
156.31,-124.419,55.583
155.996,-122.444,55.513
155.682,-120.469,55.443
155.367,-118.494,55.374
155.053,-116.519,55.304
154.738,-114.544,55.234
154.424,-112.569,55.164
154.109,-110.593,55.094
153.795,-108.618,55.024
153.48,-106.643,54.954
153.166,-104.668,54.885
152.851,-102.693,54.815
152.537,-100.718,54.745
152.223,-98.743,54.675
151.908,-96.768,54.605
151.594,-94.792,54.535
151.279,-92.817,54.465
150.965,-90.842,54.395
150.65,-88.867,54.326
150.336,-86.892,54.256
150.021,-84.917,54.186
149.707,-82.942,54.116
149.393,-80.967,54.046
149.078,-78.991,53.976
148.764,-77.016,53.906
148.449,-75.041,53.837
148.135,-73.066,53.767
147.82,-71.091,53.697
147.506,-69.116,53.627
147.191,-67.141,53.557,0
146.114,-66.418,53.487
144.215,-67.045,53.417
142.316,-67.672,53.347
140.416,-68.299,53.278
138.517,-68.926,53.208
136.618,-69.553,53.138
134.719,-70.18,53.068
132.82,-70.807,52.998
130.92,-71.434,52.928
129.021,-72.061,52.858
127.122,-72.688,52.789
125.223,-73.314,52.719
123.324,-73.941,52.649
121.424,-74.568,52.579
119.525,-75.195,52.509
117.626,-75.822,52.439
115.727,-76.449,52.369
113.828,-77.076,52.299
111.928,-77.703,52.23
110.029,-78.33,52.16
108.13,-78.957,52.09
106.231,-79.584,52.02
104.332,-80.211,51.95
102.432,-80.838,51.88
100.533,-81.464,51.81
98.634,-82.091,51.741
96.735,-82.718,51.671
94.836,-83.345,51.601
92.936,-83.972,51.531
91.037,-84.599,51.461
89.138,-85.226,51.391
87.239,-85.853,51.321
85.34,-86.48,51.251
83.44,-87.107,51.182
81.541,-87.734,51.112
79.642,-88.361,51.042
77.743,-88.988,50.972
75.843,-89.614,50.902
73.944,-90.241,50.832
72.045,-90.868,50.762
70.146,-91.495,50.693
68.247,-92.122,50.623
66.347,-92.749,50.553
64.448,-93.376,50.483
62.549,-94.003,50.413
60.65,-94.63,50.343
58.751,-95.257,50.273
56.851,-95.884,50.203
54.952,-96.511,50.134
53.053,-97.138,50.064
51.154,-97.764,49.994
49.255,-98.391,49.924
47.355,-99.018,49.854
45.456,-99.645,49.784
43.557,-100.272,49.714
41.658,-100.899,49.645
39.759,-101.526,49.575
37.859,-102.153,49.505
35.96,-102.78,49.435
34.061,-103.407,49.365
32.162,-104.034,49.295
30.263,-104.661,49.225
28.363,-105.287,49.155
26.464,-105.914,49.086
24.565,-106.541,49.016
22.666,-107.168,48.946
20.767,-107.795,48.876
18.867,-108.422,48.806
16.968,-109.049,48.736
15.069,-109.676,48.666
13.17,-110.303,48.597
11.271,-110.93,48.527
9.371,-111.557,48.457
7.472,-112.184,48.387
5.573,-112.811,48.317
3.674,-113.437,48.247
1.775,-114.064,48.177
-0.125,-114.691,48.107
-2.024,-115.318,48.038
-3.923,-115.945,47.968
-5.822,-116.572,47.898
-7.721,-117.199,47.828
-9.621,-117.826,47.758
-11.52,-118.453,47.688
-13.419,-119.08,47.618
-15.318,-119.707,47.549
-17.217,-120.334,47.479
-19.117,-120.961,47.409
-21.016,-121.587,47.339
-22.915,-122.214,47.269
-24.814,-122.841,47.199
-26.713,-123.468,47.129
-28.613,-124.095,47.06
-30.512,-124.722,46.99
-32.411,-125.349,46.92
-34.31,-125.976,46.85
-36.209,-126.603,46.78
-38.109,-127.23,46.71
-40.008,-127.857,46.64
-41.907,-128.484,46.57
-43.806,-129.11,46.501
-45.705,-129.737,46.431
-47.605,-130.364,46.361
-49.504,-130.991,46.291
-51.403,-131.618,46.221
-53.302,-132.245,46.151
-55.201,-132.872,46.081
-57.101,-133.499,46.012
-59,-134.126,45.942
-60.899,-134.753,45.872
-62.798,-135.38,45.802
-64.697,-136.007,45.732
-66.597,-136.634,45.662
-68.496,-137.26,45.592
-70.395,-137.887,45.522
-72.294,-138.514,45.453
-74.193,-139.141,45.383
-76.093,-139.768,45.313
-77.992,-140.395,45.243
-79.891,-141.022,45.173
-81.79,-141.649,45.103
-83.69,-142.276,45.033
-85.589,-142.903,44.964
-87.488,-143.53,44.894
-89.387,-144.157,44.824
-91.286,-144.784,44.754
-93.186,-145.41,44.684
-95.085,-146.037,44.614
-96.984,-146.664,44.544
-98.883,-147.291,44.474
-100.782,-147.918,44.405
-102.682,-148.545,44.335
-104.581,-149.172,44.265
-106.48,-149.799,44.195
-108.379,-150.426,44.125
-110.278,-151.053,44.055
-112.178,-151.68,43.985
-114.077,-152.307,43.916
-115.976,-152.933,43.846
-117.875,-153.56,43.776
-119.774,-154.187,43.706
-121.674,-154.814,43.636
-123.573,-155.441,43.566
-125.472,-156.068,43.496
-127.371,-156.695,43.426
-129.27,-157.322,43.357
-131.17,-157.949,43.287
-133.069,-158.576,43.217
-134.968,-159.203,43.147
-136.867,-159.83,43.077
-138.766,-160.457,43.007
-140.666,-161.083,42.937
-142.565,-161.71,42.868
-144.464,-162.337,42.798
-146.363,-162.964,42.728
-148.262,-163.591,42.658
-150.162,-164.218,42.588
-152.061,-164.845,42.518
-153.96,-165.472,42.448
-155.859,-166.099,42.378
-157.758,-166.726,42.309
-159.658,-167.353,42.239
-161.557,-167.98,42.169
-163.456,-168.607,42.099
-165.355,-169.233,42.029
-167.254,-169.86,41.959
-169.154,-170.487,41.889
-171.053,-171.114,41.82
-172.952,-171.741,41.75
-174.851,-172.368,41.68,0
-177.67,-173.298,41.68
-177.67,-173.298,0,0
#PATH-POINTS-START Rings 1 Path
-118.646,55.537,84,0
-118.7,53.537,74.144
-118.717,51.537,74.023
-118.694,49.538,73.902
-118.628,47.539,73.781
-118.514,45.542,72.955
-118.34,43.55,72.016
-118.112,41.563,70.986
-117.811,39.586,68.622
-117.439,37.621,67.271
-116.975,35.676,64.19
-116.414,33.756,60.559
-115.742,31.873,56.352
-114.94,30.042,51.597
-113.991,28.283,46.412
-112.879,26.622,41.04
-111.587,25.097,33.497
-110.11,23.751,29.547
-108.455,22.632,26.419
-106.651,21.773,27.278
-104.739,21.195,31.589
-102.763,20.897,35.676
-100.764,20.858,42.481
-98.774,21.04,49.079
-96.811,21.417,53.038
-94.885,21.956,58.143
-93.005,22.635,60.988
-91.17,23.431,63.423
-89.382,24.326,65.491
-87.641,25.31,67.238
-85.946,26.371,69.354
-84.295,27.5,70.482
-82.687,28.689,70.391
-81.122,29.935,70.27
-79.599,31.23,70.149
-78.115,32.571,70.028
-76.671,33.955,69.907
-75.266,35.378,69.786
-73.9,36.839,69.665
-72.573,38.335,69.544
-71.286,39.866,65.894
-70.038,41.428,62.244
-68.828,43.021,58.594
-67.66,44.644,54.944
-66.533,46.297,51.295
-65.448,47.977,47.645
-64.405,49.683,43.995
-63.41,51.418,43.891
-62.46,53.178,43.787
-61.559,54.963,43.683
-60.707,56.773,43.579
-59.912,58.608,43.475
-59.159,60.461,43.371,0
-58.375,62.3,43.267
-57.518,64.107,43.163
-56.592,65.88,43.059
-55.587,67.608,42.955
-54.507,69.292,45.51
-53.347,70.921,48.065
-52.106,72.488,50.62
-50.787,73.992,53.175
-49.393,75.425,55.73
-47.928,76.786,58.285
-46.397,78.073,60.84
-44.807,79.285,63.394
-43.165,80.427,65.949
-41.479,81.502,68.504
-39.756,82.517,65.741
-38.003,83.481,62.979
-36.228,84.402,60.216
-34.437,85.291,57.453
-32.635,86.159,54.69
-30.828,87.016,51.927
-29.022,87.876,49.164
-27.222,88.748,46.402
-25.435,89.646,43.639
-23.667,90.581,40.876
-21.925,91.563,43.9
-20.217,92.603,46.925
-18.551,93.709,49.949
-16.936,94.889,52.973
-15.382,96.147,55.998
-13.897,97.487,59.022
-12.49,98.907,62.047
-11.165,100.405,65.071
-9.929,101.977,68.095
-8.781,103.614,71.12
-7.722,105.31,65.271
-6.753,107.059,65.985
-5.871,108.854,67.529
-5.064,110.684,64.622
-4.342,112.549,61.448
-3.683,114.437,58.274
-3.1,116.35,55.099
-2.574,118.279,51.925
-2.102,120.223,48.751
-1.69,122.18,48.751
-1.326,124.146,48.751
-1.006,126.121,48.751
-0.727,128.101,48.751
-0.487,130.086,48.751
-0.283,132.076,48.751
-0.114,134.069,48.751
0.025,136.064,48.751
0.133,138.061,48.751
0.215,140.059,48.751
0.272,142.058,48.751
0.305,144.058,48.751
0.316,146.058,48.751
0.308,148.058,48.751
0.277,150.058,48.751
0.226,152.057,48.751
0.159,154.056,48.751
0.077,156.054,48.751
-0.021,158.052,48.751
-0.137,160.048,48.751
-0.391,163.862,48.751,0
-0.391,163.862,0,0
#PATH-POINTS-START Rings 1.5 Path
8.671,160.354,87,0
8.412,158.37,83.233
8.144,156.389,83.026
7.866,154.408,82.555
7.569,152.43,81.803
7.261,150.454,81.05
6.94,148.48,80.298
6.602,146.509,79.546
6.248,144.54,78.794
5.878,142.575,78.042
5.494,140.612,77.289
5.091,138.653,76.537
4.667,136.699,75.785
4.224,134.748,75.033
3.763,132.802,74.281
3.28,130.861,73.528
2.776,128.926,72.776
2.249,126.997,72.024
1.696,125.075,71.272
1.116,123.161,70.52
0.509,121.255,69.767
-0.127,119.359,69.015
-0.794,117.473,68.263
-1.493,115.599,67.511
-2.227,113.739,66.759
-3,111.895,66.006
-3.814,110.068,65.254
-4.669,108.26,64.502
-5.569,106.474,63.75
-6.515,104.712,62.998
-7.522,102.984,62.245
-8.582,101.288,61.493
-9.704,99.633,60.741
-10.894,98.026,59.648
-12.155,96.473,55.618
-13.491,94.986,53.439
-14.913,93.58,48.794
-16.42,92.267,43.862
-18.017,91.063,38.824
-19.703,89.989,33.937
-21.477,89.068,29.517
-23.331,88.319,25.903
-25.25,87.763,23.4
-27.22,87.421,22.14
-29.215,87.296,22.998
-31.212,87.384,25.051
-33.188,87.687,29.787
-35.124,88.184,33.606
-37.007,88.854,37.628
-38.828,89.68,43.581
-40.578,90.648,47.201
-42.256,91.735,46.449
-43.862,92.926,45.697
-45.397,94.208,44.945
-46.861,95.57,44.192
-48.257,97.001,43.44
-49.587,98.495,42.688
-50.854,100.043,41.936
-52.055,101.641,41.184
-53.196,103.284,40.431
-54.279,104.965,39.679
-55.305,106.682,39.718
-56.273,108.432,39.757
-57.184,110.212,39.796
-58.043,112.018,39.834
-58.847,113.849,39.873
-59.595,115.704,39.912
-60.293,117.578,39.951
-60.935,119.472,39.989,0
-61.555,121.374,40.028
-62.182,123.273,40.067
-62.818,125.169,40.106
-63.464,127.062,40.144
-64.124,128.95,40.183
-64.796,130.834,45.943
-65.483,132.712,51.703
-66.184,134.585,57.463
-66.902,136.452,63.222
-67.638,138.311,68.982
-68.394,140.163,74.742
-69.173,142.005,78.798
-69.976,143.837,77.868
-70.807,145.656,75.637
-71.672,147.459,74.301
-72.572,149.245,72.792
-73.511,151.011,69.158
-74.502,152.748,66.981
-75.543,154.455,61.764
-76.654,156.118,58.663
-77.841,157.728,51.336
-79.118,159.266,42.385
-80.502,160.709,31.846
-82.009,162.022,14.091
-83.66,163.148,14
-85.449,164.038,14
-87.356,164.631,14
-89.335,164.897,14
-91.333,164.852,14
-93.308,164.546,30.891
-95.242,164.04,46.89
-97.131,163.385,55.948
-98.982,162.628,67.119
-100.803,161.801,73.165
-102.603,160.93,80.502
-104.39,160.031,80.502
-106.171,159.121,80.502
-107.952,158.212,80.502
-109.739,157.314,79.985
-111.536,156.436,77.521
-113.347,155.586,75.298
-115.173,154.772,73.287
-117.018,153.999,71.472
-118.881,153.273,69.849
-120.765,152.601,68.422
-122.668,151.985,67.203
-124.59,151.434,66.676
-126.53,150.95,65.799
-128.486,150.533,65.171
-130.456,150.188,64.955
-132.438,149.92,64.723
-134.428,149.723,64.76
-136.425,149.605,64.878
-138.424,149.56,65.301
-140.423,149.59,65.602
-142.421,149.692,66.361
-144.988,149.927,66.812,0
-144.988,149.927,0,0
#PATH-POINTS-START Rings 1.6
-153.768,150.476,57.745,0
-151.768,150.467,57.745
-149.768,150.459,57.745
-147.768,150.45,57.745
-145.768,150.442,57.745
-143.768,150.433,57.745
-141.768,150.425,57.745
-139.768,150.416,57.745
-137.768,150.408,57.745
-135.768,150.399,57.745
-133.768,150.391,57.745
-131.768,150.382,57.745
-129.769,150.373,57.745
-127.769,150.365,57.745
-125.769,150.356,57.745
-123.769,150.348,57.745
-121.769,150.339,57.745
-119.769,150.331,57.745
-117.769,150.322,57.745
-115.769,150.314,57.745
-113.769,150.305,57.745
-111.769,150.297,57.745
-109.769,150.288,57.745
-107.769,150.28,57.745
-105.769,150.271,57.745
-103.769,150.263,57.745
-101.769,150.254,57.745
-99.769,150.246,57.745
-97.769,150.237,57.745
-95.769,150.229,57.745
-93.769,150.22,57.745
-91.769,150.212,57.745
-89.769,150.203,57.745
-87.769,150.195,57.745
-85.769,150.186,57.745
-83.769,150.178,57.745
-81.769,150.169,57.745
-79.769,150.161,57.745
-77.769,150.152,57.745
-75.769,150.144,57.745
-73.769,150.135,57.745
-71.769,150.127,57.745
-69.769,150.118,57.745
-67.769,150.11,57.745
-65.769,150.101,57.745
-63.769,150.093,57.745
-61.769,150.084,57.745
-59.769,150.076,57.745
-57.769,150.067,57.745
-55.769,150.059,57.745
-53.769,150.05,57.745
-51.769,150.042,57.745
-49.769,150.033,57.745
-47.769,150.025,57.745
-45.769,150.016,57.745
-43.769,150.008,57.745
-41.769,149.999,57.745
-39.769,149.991,57.745
-37.769,149.982,57.745
-35.769,149.973,57.745
-33.769,149.965,57.745
-31.769,149.956,57.745
-29.769,149.948,57.745
-27.769,149.939,57.745
-24.805,149.927,57.745,0
-24.805,149.927,0,0
#PATH-POINTS-START Rings 1.75 Path
-21.512,148.28,52.767,0
-22.671,146.65,54.903
-23.771,144.981,59.112
-24.818,143.276,62.561
-25.819,141.545,68.641
-26.785,139.794,75.486
-27.729,138.031,73.583
-28.667,136.264,71.68
-29.616,134.504,67.81
-30.596,132.76,57.762
-31.626,131.046,47.593
-32.726,129.376,37.851
-33.913,127.767,29.272
-35.2,126.236,22.694
-36.594,124.803,22
-38.094,123.481,22
-39.693,122.281,22
-41.378,121.204,25.637
-43.136,120.252,29.914
-44.952,119.416,37.07
-46.815,118.688,41.967
-48.713,118.057,45.041
-50.637,117.514,43.138
-52.582,117.049,43.522
-54.543,116.653,43.906
-56.514,116.318,44.289
-58.494,116.037,44.673
-60.481,115.808,45.057
-62.472,115.619,45.441
-64.467,115.473,45.825
-66.463,115.358,46.208
-68.462,115.279,47.468
-70.461,115.228,48.727
-72.461,115.203,49.987
-74.461,115.202,51.247
-76.461,115.225,52.506
-78.46,115.268,53.766
-80.459,115.33,55.025
-82.458,115.409,56.285
-84.455,115.505,57.544
-86.452,115.615,58.804
-88.448,115.741,60.063
-90.444,115.879,61.323
-92.438,116.03,62.583
-94.431,116.192,59.512
-96.424,116.365,56.442
-98.415,116.549,53.372
-100.406,116.742,50.302
-102.396,116.945,47.232
-104.384,117.157,44.162
-106.372,117.377,41.091
-108.359,117.605,38.021
-110.345,117.839,38.021
-112.331,118.082,38.021
-114.315,118.332,38.021
-116.299,118.587,38.021
-118.281,118.848,38.021,0
-120.263,119.117,38.021
-122.258,119.198,38.021
-124.258,119.202,38.021
-126.258,119.205,38.021
-128.258,119.209,38.021
-130.258,119.213,38.021
-132.258,119.217,38.021
-134.258,119.22,38.021
-136.258,119.224,38.021
-138.258,119.228,38.021
-140.258,119.232,38.021
-142.258,119.236,38.021
-144.258,119.239,38.021
-146.258,119.243,38.021
-148.258,119.247,38.021
-150.258,119.251,38.021
-152.258,119.254,38.021
-154.258,119.258,38.021
-156.258,119.262,38.021
-158.258,119.266,38.021
-160.258,119.27,38.021
-162.258,119.273,38.021
-164.258,119.277,38.021
-166.258,119.281,38.021
-168.258,119.285,38.021
-170.258,119.288,38.021
-172.258,119.292,38.021
-174.258,119.296,38.021
-176.258,119.3,38.021
-178.258,119.304,38.021
-180.258,119.307,38.021
-182.258,119.311,38.021
-184.258,119.315,38.021
-186.258,119.319,38.021
-188.258,119.322,38.021
-190.258,119.326,38.021
-191.56,119.329,38.021,0
-191.56,119.329,0,0
#PATH-POINTS-START DividerPath
-0.934,-0.152,120,0
-0.476,-0.439,120,0
-0.476,-0.439,0,0
#PATH-POINTS-START Goal3
-177.88,-0.435,90.462,0
-176.216,-1.544,90.462
-174.556,-2.659,90.24
-172.9,-3.78,90.008
-171.25,-4.912,90.008
-169.607,-6.051,89.766
-167.969,-7.199,89.514
-166.336,-8.354,89.252
-164.711,-9.52,89.252
-163.093,-10.695,88.98
-161.481,-11.88,88.697
-159.877,-13.074,88.406
-158.28,-14.278,88.104
-156.691,-15.493,88.104
-155.112,-16.72,87.795
-153.542,-17.958,87.477
-151.98,-19.208,87.151
-150.429,-20.47,86.82
-148.888,-21.745,86.484
-147.358,-23.033,86.144
-145.839,-24.334,85.803
-144.332,-25.649,85.463
-142.837,-26.978,85.126
-141.356,-28.322,84.795
-139.889,-29.681,84.164
-138.437,-31.057,83.871
-137,-32.448,83.6
-135.579,-33.855,83.355
-134.173,-35.278,82.963
-132.787,-36.719,82.829
-131.417,-38.176,82.744
-130.065,-39.65,82.749
-128.733,-41.142,82.853
-127.418,-42.648,83.298
-126.122,-44.172,83.654
-124.843,-45.71,84.666
-123.581,-47.261,85.333
-122.335,-48.825,87.015
-121.101,-50.399,89.18
-119.878,-51.981,91.835
-118.661,-53.569,93.745
-117.446,-55.157,91.506
-116.228,-56.744,87.642
-115.001,-58.323,83.574
-113.758,-59.89,79.458
-112.493,-61.439,75.472
-111.2,-62.965,71.807
-109.874,-64.462,68.648
-108.51,-65.924,66.151
-107.104,-67.347,64.428
-105.656,-68.726,63.532
-104.165,-70.059,63.45
-102.632,-71.343,64.113
-101.059,-72.579,65.403
-99.45,-73.767,67.175
-97.806,-74.906,68.194
-96.132,-75.999,70.405
-94.432,-77.052,72.736
-92.705,-78.061,73.91
-90.958,-79.036,76.22
-89.191,-79.972,77.337
-87.408,-80.878,78.421
-85.609,-81.752,80.466
-83.797,-82.598,81.421
-81.974,-83.419,82.329
-80.14,-84.218,83.189
-78.296,-84.992,84.766
-76.443,-85.746,85.484
-74.583,-86.481,86.157
-72.717,-87.199,86.786
-70.844,-87.9,87.373
-68.965,-88.587,87.921
-67.082,-89.259,88.43
-65.194,-89.918,88.904
-63.301,-90.565,89.345
-61.405,-91.201,89.754,0
-59.505,-91.826,89.754
-57.532,-92.145,90.704
-55.553,-92.436,90.337
-53.573,-92.716,90.15
-51.592,-92.988,89.768
-49.609,-93.25,89.576
-47.625,-93.5,89.19
-45.639,-93.739,88.807
-43.652,-93.966,88.434
-41.663,-94.18,88.253
-39.674,-94.38,87.906
-37.682,-94.566,87.586
-35.69,-94.737,87.3
-33.696,-94.893,87.056
-31.701,-95.033,86.861
-29.704,-95.157,86.72
-27.707,-95.264,86.639
-25.709,-95.354,86.622
-23.711,-95.427,86.672
-21.711,-95.483,86.788
-19.712,-95.523,86.971
-17.712,-95.546,87.216
-15.712,-95.553,87.52
-13.712,-95.545,87.876
-11.712,-95.523,88.277
-9.712,-95.487,88.716
-7.713,-95.438,89.183
-5.714,-95.377,89.669
-3.715,-95.305,90.167
-1.717,-95.223,90.667
0.281,-95.133,91.161
2.279,-95.034,91.644
4.276,-94.928,92.109
6.273,-94.816,92.552
8.269,-94.699,92.764
10.265,-94.577,93.166
12.261,-94.451,93.539
14.257,-94.322,93.714
16.253,-94.19,94.04
18.248,-94.056,94.335
20.244,-93.921,94.47
22.239,-93.784,94.719
24.234,-93.647,95
26.23,-93.509,84.934
28.225,-93.372,74.869
30.22,-93.234,64.803
32.216,-93.097,54.737
34.211,-92.961,44.672
36.206,-92.825,34.606
38.202,-92.691,24.54
40.197,-92.557,27.496
42.193,-92.425,30.452
44.189,-92.295,33.407
46.185,-92.166,36.363
48.18,-92.038,39.318
50.176,-91.912,42.274
52.173,-91.788,45.23
54.169,-91.666,48.185
56.165,-91.546,48.185
58.162,-91.427,48.185
60.158,-91.31,48.185,0
62.157,-91.261,48.185
64.157,-91.231,48.185
66.156,-91.165,48.185
68.153,-91.059,48.185
70.147,-90.907,48.185
72.137,-90.708,48.185
74.121,-90.461,48.185
76.099,-90.162,48.185
78.065,-89.797,48.185
80.019,-89.372,48.185
81.957,-88.878,48.185
83.874,-88.309,48.185
85.765,-87.659,48.185
87.627,-86.928,48.185
89.448,-86.101,48.185
91.223,-85.181,48.185
92.945,-84.165,48.185
94.605,-83.05,48.185
96.194,-81.836,48.185
97.705,-80.526,48.185
99.132,-79.126,48.185
100.471,-77.641,48.185
101.721,-76.08,48.185
102.884,-74.453,48.185
103.962,-72.769,48.185
104.96,-71.036,48.185
105.884,-69.262,48.185
106.744,-67.457,48.185
107.549,-65.626,48.185
108.308,-63.776,48.185
109.03,-61.911,48.185
109.726,-60.035,48.185
110.403,-58.154,48.185
111.073,-56.269,48.185
111.744,-54.385,48.185
112.428,-52.506,48.185
113.134,-50.635,48.185
113.872,-48.776,48.185
114.652,-46.934,48.185
115.486,-45.117,48.185
116.383,-43.329,48.185
117.353,-41.58,48.185
118.402,-39.878,48.185
119.542,-38.235,48.185
120.777,-36.662,48.185
122.107,-35.169,48.185
123.532,-33.767,48.185
125.048,-32.463,48.185
126.65,-31.266,48.185
128.328,-30.178,48.185
130.072,-29.201,48.185
131.873,-28.332,48.185
134.341,-27.329,48.185,0
134.341,-27.329,0,0
#PATH-POINTS-START Rings Final1
120.477,-0.435,97.644,0
120.31,-2.428,97.644
120.133,-4.42,97.46
119.948,-6.411,96.369
119.753,-8.402,94.825
119.549,-10.391,93.281
119.333,-12.38,91.737
119.107,-14.367,90.194
118.868,-16.352,88.65
118.616,-18.337,87.106
118.351,-20.319,85.562
118.073,-22.299,84.018
117.78,-24.278,82.475
117.471,-26.254,80.931
117.146,-28.227,79.387
116.802,-30.198,77.843
116.44,-32.164,76.3
116.057,-34.127,74.756
115.654,-36.086,73.212
115.227,-38.04,71.668
114.777,-39.989,70.124
114.298,-41.931,68.581
113.79,-43.865,67.037
113.252,-45.791,65.493
112.678,-47.707,63.949
112.066,-49.611,60.747
111.414,-51.502,57.545
110.716,-53.376,54.343
109.967,-55.23,51.141
109.163,-57.062,47.939
108.296,-58.864,44.736
107.358,-60.63,41.534
106.343,-62.353,38.332
105.242,-64.022,38.248
104.044,-65.623,38.163
102.737,-67.136,38.079
101.316,-68.543,32.963
99.774,-69.815,23.157
98.112,-70.925,18
96.334,-71.839,18
94.462,-72.538,18
92.519,-73.008,18
90.535,-73.25,22.822
88.536,-73.278,32.11
86.544,-73.108,37.321
84.574,-72.77,37.237
82.633,-72.289,37.152
80.727,-71.684,37.068
78.857,-70.975,36.984
77.022,-70.179,38.869
75.222,-69.309,40.754
73.453,-68.375,42.639
71.715,-67.386,44.524
70.004,-66.351,46.41
68.319,-65.273,48.295
66.658,-64.16,50.18
65.017,-63.016,52.065
63.397,-61.844,53.95
61.794,-60.648,55.836,0
60.263,-59.364,57.721
58.805,-57.995,59.606
57.347,-56.626,61.491
55.889,-55.257,63.376
54.432,-53.887,69.647
52.975,-52.517,75.918
51.518,-51.147,82.188
50.062,-49.776,88.459
48.607,-48.404,94.729
47.153,-47.031,101
45.7,-45.656,100.431
44.249,-44.279,99.863
42.801,-42.901,99.294
41.355,-41.518,98.725
39.913,-40.132,98.157
38.477,-38.74,97.588
37.047,-37.342,97.019
35.626,-35.935,96.451
34.212,-34.52,95.882
32.807,-33.097,95.313
31.407,-31.669,94.744
30.011,-30.236,94.176
28.617,-28.802,93.607
27.224,-27.367,93.038
25.83,-25.933,88.994
24.436,-24.5,84.949
23.04,-23.067,80.904
21.643,-21.636,76.859
20.245,-20.205,72.814
18.846,-18.776,68.769
17.446,-17.348,64.725
16.044,-15.921,60.68
14.642,-14.495,56.635
13.239,-13.07,52.59
11.835,-11.646,48.545
10.43,-10.223,44.5
9.024,-8.8,40.456
7.617,-7.378,36.411
6.21,-5.957,36.411
4.802,-4.536,36.411
3.394,-3.117,36.411
1.985,-1.697,36.411
0.575,-0.278,36.411
-0.835,1.14,36.411
-2.246,2.558,36.411
-3.657,3.975,36.411
-5.068,5.392,36.411
-6.48,6.808,36.411
-7.893,8.224,36.411
-9.306,9.64,36.411
-10.719,11.055,36.411
-12.132,12.47,36.411
-14.265,14.603,36.411,0
-14.265,14.603,0,0
#PATH-POINTS-START Rings Final2
-12.46,-11.864,93,0
-11.034,-10.461,92.415
-9.608,-9.059,91.435
-8.182,-7.657,90.455
-6.756,-6.255,89.475
-5.33,-4.852,88.495
-3.904,-3.45,87.515
-2.478,-2.048,86.535
-1.052,-0.646,85.556
0.374,0.757,84.576
1.8,2.159,83.596
3.226,3.561,82.616
4.652,4.964,81.636
6.078,6.366,80.656
7.504,7.768,79.676
8.931,9.17,78.696
10.357,10.573,77.716
11.783,11.975,76.736
13.209,13.377,75.756
14.635,14.78,74.776
16.061,16.182,73.796
17.487,17.584,72.816
18.913,18.986,71.836
20.339,20.389,70.856
21.765,21.791,69.876
23.191,23.193,68.896
24.617,24.596,67.916
26.043,25.998,66.936
27.469,27.4,65.956
28.895,28.802,64.976
30.321,30.205,63.996
31.747,31.607,63.017
33.173,33.009,62.037
34.599,34.411,61.057
36.025,35.814,60.077
37.451,37.216,59.097
38.878,38.618,58.117
40.304,40.021,57.137
41.73,41.423,56.157
43.156,42.825,55.177
44.582,44.227,54.197
46.008,45.63,53.217
47.434,47.032,52.237
48.86,48.434,51.257
50.286,49.837,50.277
51.712,51.239,49.297
53.138,52.641,48.317
54.564,54.043,47.337
55.99,55.446,49.22
57.416,56.848,51.103
58.842,58.25,52.986
60.088,59.788,54.869,0
61.029,61.553,56.752
61.937,63.335,58.634
62.814,65.133,60.517
63.651,66.949,62.4
64.451,68.782,64.283
65.208,70.633,66.166
65.915,72.504,68.049
66.57,74.393,64.177
67.169,76.301,60.305
67.705,78.228,56.433
68.173,80.172,52.561
68.568,82.133,48.689
68.883,84.108,44.817
69.111,86.094,40.945
69.249,88.089,37.073
69.292,90.089,39.683
69.239,92.088,42.293
69.086,94.082,44.904
68.838,96.066,47.514
68.498,98.037,50.124
68.07,99.99,52.734
67.564,101.925,55.345
66.989,103.841,57.955
66.357,105.738,60.565
65.679,107.619,63.175
64.966,109.488,63.175
64.232,111.348,63.175
63.487,113.205,63.175
62.744,115.061,63.175
62.014,116.923,63.175
61.307,118.794,63.175
60.633,120.677,63.175
60.003,122.575,63.175
59.426,124.49,63.175
58.908,126.422,62.487
58.456,128.37,60.971
58.076,130.333,59.375
57.77,132.31,58.776
57.544,134.297,58.561
57.395,136.291,58.85
57.317,139.12,59.865,0
57.317,139.12,0,0
#PATH.JERRYIO-DATA {"appVersion":"0.8.3","format":"path.jerryio v0.1","gc":{"robotWidth":30,"robotHeight":30,"robotIsHolonomic":false,"showRobot":false,"uol":1,"pointDensity":2,"controlMagnetDistance":5,"fieldImage":{"displayName":"V5RC 2025 - High Stakes (Skills)","signature":"V5RC 2025 - High Stakes (Skills)","origin":{"__type":"built-in"}},"coordinateSystem":"VEX Gaming Positioning System"},"paths":[{"segments":[{"controls":[{"uid":"ccgKu8DNIC","x":-155.0775145232942,"y":9.015890192504854,"lock":false,"visible":true,"heading":0,"__type":"end-point"},{"uid":"mkRBKREXOP","x":-119.87561225652124,"y":58.40363367126097,"lock":false,"visible":true,"heading":0,"__type":"end-point"}],"speedProfiles":[],"lookaheadKeyframes":[],"uid":"ql2MxoSjp7"},{"controls":[{"uid":"mkRBKREXOP","x":-119.87561225652124,"y":58.40363367126097,"lock":false,"visible":true,"heading":0,"__type":"end-point"},{"uid":"qlk1fbpBRL","x":-60.505239776739955,"y":59.97983825037021,"lock":false,"visible":true,"heading":0,"__type":"end-point"}],"speedProfiles":[],"lookaheadKeyframes":[],"uid":"RNqRQGJSNz"},{"controls":[{"uid":"qlk1fbpBRL","x":-60.505239776739955,"y":59.97983825037021,"lock":false,"visible":true,"heading":0,"__type":"end-point"},{"uid":"htj93kEFKx","x":-1.1348672969586644,"y":-0.44133728215057344,"lock":false,"visible":true,"heading":0,"__type":"end-point"}],"speedProfiles":[],"lookaheadKeyframes":[],"uid":"7NztrlfSeT"},{"controls":[{"uid":"htj93kEFKx","x":-1.1348672969586644,"y":-0.44133728215057344,"lock":false,"visible":true,"heading":0,"__type":"end-point"},{"uid":"s1MAfA6eM1","x":60.33711128830161,"y":119.87561225652124,"lock":false,"visible":true,"heading":0,"__type":"end-point"}],"speedProfiles":[],"lookaheadKeyframes":[],"uid":"NQdlTtuKg7"},{"controls":[{"uid":"s1MAfA6eM1","x":60.33711128830161,"y":119.87561225652124,"lock":false,"visible":true,"heading":0,"__type":"end-point"},{"uid":"akRM85HYzv","x":154.90938603485586,"y":167.16174962979838,"lock":false,"visible":true,"heading":0,"__type":"end-point"}],"speedProfiles":[],"lookaheadKeyframes":[],"uid":"Od9Fnw3AUi"},{"controls":[{"uid":"akRM85HYzv","x":154.90938603485586,"y":167.16174962979838,"lock":false,"visible":true,"heading":0,"__type":"end-point"},{"uid":"Om2BrPhrlk","x":116.55507460986442,"y":75.21648251509284,"lock":false,"visible":true,"heading":0,"__type":"end-point"}],"speedProfiles":[],"lookaheadKeyframes":[],"uid":"QZ5KC7wIwv"},{"controls":[{"uid":"Om2BrPhrlk","x":116.55507460986442,"y":75.21648251509284,"lock":false,"visible":true,"heading":0,"__type":"end-point"},{"uid":"ms4c0vwFZD","x":117.60587766260392,"y":1.6602688233284102,"lock":false,"visible":true,"heading":0,"__type":"end-point"}],"speedProfiles":[],"lookaheadKeyframes":[],"uid":"Qur3Qv8VNW"},{"controls":[{"uid":"ms4c0vwFZD","x":117.60587766260392,"y":1.6602688233284102,"lock":false,"visible":true,"heading":0,"__type":"end-point"},{"uid":"RGG2Ya5Waw","x":118.65668071534341,"y":-71.89594486843602,"lock":false,"visible":true,"__type":"control"},{"uid":"EBpV8NI3Lx","x":88.18339218589817,"y":29.76925048410982,"lock":false,"visible":true,"__type":"control"},{"uid":"yHEqfEdCH7","x":58.76090670919237,"y":59.97983825037021,"lock":false,"visible":true,"heading":0,"__type":"end-point"}],"speedProfiles":[],"lookaheadKeyframes":[],"uid":"5VAY1RWuN4"},{"controls":[{"uid":"yHEqfEdCH7","x":58.76090670919237,"y":59.97983825037021,"lock":false,"visible":true,"heading":0,"__type":"end-point"},{"uid":"HvCM1Z8tyC","x":29.338421232486596,"y":90.19042601663061,"lock":false,"visible":true,"__type":"control"},{"uid":"LClHg48Qtk","x":12.788273151839597,"y":145.48893666704635,"lock":false,"visible":true,"__type":"control"},{"uid":"zjHfEm4fB2","x":-0.6094657705889184,"y":148.77269620685726,"lock":false,"visible":true,"heading":0,"__type":"end-point"}],"speedProfiles":[],"lookaheadKeyframes":[],"uid":"6H2lS6iGGJ"},{"controls":[{"uid":"zjHfEm4fB2","x":-0.6094657705889184,"y":148.77269620685726,"lock":false,"visible":true,"heading":0,"__type":"end-point"},{"uid":"ZqRa0hWg0m","x":-58.92903519763071,"y":119.35021073015149,"lock":false,"visible":true,"heading":0,"__type":"end-point"}],"speedProfiles":[],"lookaheadKeyframes":[],"uid":"wJvPomhRk7"},{"controls":[{"uid":"ZqRa0hWg0m","x":-58.92903519763071,"y":119.35021073015149,"lock":false,"visible":true,"heading":0,"__type":"end-point"},{"uid":"28y987ogcd","x":-118.82480920378175,"y":149.82349925959676,"lock":false,"visible":true,"heading":0,"__type":"end-point"}],"speedProfiles":[],"lookaheadKeyframes":[],"uid":"8rTlhDoHGe"},{"controls":[{"uid":"28y987ogcd","x":-118.82480920378175,"y":149.82349925959676,"lock":false,"visible":true,"heading":0,"__type":"end-point"},{"uid":"iSuzrN8kv9","x":-120.40101378289098,"y":123.55342294110946,"lock":false,"visible":true,"heading":0,"__type":"end-point"}],"speedProfiles":[],"lookaheadKeyframes":[],"uid":"Ltu9UnoAGS"},{"controls":[{"uid":"iSuzrN8kv9","x":-120.40101378289098,"y":123.55342294110946,"lock":false,"visible":true,"heading":0,"__type":"end-point"},{"uid":"rzrlNFnUKu","x":-151.399703838706,"y":121.97721836200023,"lock":false,"visible":true,"heading":0,"__type":"end-point"}],"speedProfiles":[],"lookaheadKeyframes":[],"uid":"NtBbAvdlMz"},{"controls":[{"uid":"rzrlNFnUKu","x":-151.399703838706,"y":121.97721836200023,"lock":false,"visible":true,"heading":0,"__type":"end-point"},{"uid":"IJZ7tCVxL2","x":-170.31415878801684,"y":171.36496184075634,"lock":false,"visible":true,"heading":0,"__type":"end-point"}],"speedProfiles":[],"lookaheadKeyframes":[],"uid":"zfjtFQOZn5"},{"controls":[{"uid":"IJZ7tCVxL2","x":-170.31415878801684,"y":171.36496184075634,"lock":false,"visible":true,"heading":0,"__type":"end-point"},{"uid":"9vxCj2d5YS","x":-120.40101378289098,"y":-60.33711128830161,"lock":false,"visible":true,"heading":0,"__type":"end-point"}],"speedProfiles":[],"lookaheadKeyframes":[],"uid":"3O5jL4C4rp"},{"controls":[{"uid":"9vxCj2d5YS","x":-120.40101378289098,"y":-60.33711128830161,"lock":false,"visible":true,"heading":0,"__type":"end-point"},{"uid":"tPoq1whBjg","x":-61.0306413031097,"y":-59.81170976193186,"lock":false,"visible":true,"heading":0,"__type":"end-point"}],"speedProfiles":[],"lookaheadKeyframes":[],"uid":"26QgeLyGiX"},{"controls":[{"uid":"tPoq1whBjg","x":-61.0306413031097,"y":-59.81170976193186,"lock":false,"visible":true,"heading":0,"__type":"end-point"},{"uid":"8zEyXRLbXj","x":-59.45443672400046,"y":-118.13127918897365,"lock":false,"visible":true,"heading":0,"__type":"end-point"}],"speedProfiles":[],"lookaheadKeyframes":[],"uid":"btAYvnaXJr"},{"controls":[{"uid":"8zEyXRLbXj","x":-59.45443672400046,"y":-118.13127918897365,"lock":false,"visible":true,"heading":0,"__type":"end-point"},{"uid":"6K5TN3np28","x":0.44133728215057344,"y":-150.18077229752816,"lock":false,"visible":true,"heading":0,"__type":"end-point"}],"speedProfiles":[],"lookaheadKeyframes":[],"uid":"aZ7PGWhGwj"},{"controls":[{"uid":"6K5TN3np28","x":0.44133728215057344,"y":-150.18077229752816,"lock":false,"visible":true,"heading":0,"__type":"end-point"},{"uid":"MRvrGtWBC7","x":58.76090670919237,"y":-119.7074837680829,"lock":false,"visible":true,"heading":0,"__type":"end-point"}],"speedProfiles":[],"lookaheadKeyframes":[],"uid":"w1EMT25Imw"},{"controls":[{"uid":"MRvrGtWBC7","x":58.76090670919237,"y":-119.7074837680829,"lock":false,"visible":true,"heading":0,"__type":"end-point"},{"uid":"KkDL4Gqwsp","x":59.28630823556212,"y":-61.913315867410844,"lock":false,"visible":true,"heading":0,"__type":"end-point"}],"speedProfiles":[],"lookaheadKeyframes":[],"uid":"4CibWyW8C4"},{"controls":[{"uid":"KkDL4Gqwsp","x":59.28630823556212,"y":-61.913315867410844,"lock":false,"visible":true,"heading":0,"__type":"end-point"},{"uid":"mGfMDfSrIs","x":163.84121198314156,"y":-171.72223487868774,"lock":false,"visible":true,"heading":0,"__type":"end-point"}],"speedProfiles":[],"lookaheadKeyframes":[],"uid":"nH1X7AYxmG"},{"controls":[{"uid":"mGfMDfSrIs","x":163.84121198314156,"y":-171.72223487868774,"lock":false,"visible":true,"heading":0,"__type":"end-point"},{"uid":"2FG4Lz34u4","x":147.02836313930968,"y":-66.11652807836882,"lock":false,"visible":true,"heading":0,"__type":"end-point"}],"speedProfiles":[],"lookaheadKeyframes":[],"uid":"uZzaVYbQeI"},{"controls":[{"uid":"2FG4Lz34u4","x":147.02836313930968,"y":-66.11652807836882,"lock":false,"visible":true,"heading":0,"__type":"end-point"},{"uid":"Guu3ogaHd8","x":-177.6697801571933,"y":-173.29843945779697,"lock":false,"visible":true,"heading":0,"__type":"end-point"}],"speedProfiles":[{"uid":"grx5P3uH0K","xPos":0.9941176470588236,"yPos":0.020997375328083878,"followBentRate":false}],"lookaheadKeyframes":[],"uid":"KB8lbeC9Vl"}],"pc":{"speedLimit":{"minLimit":{"value":0,"label":"0"},"maxLimit":{"value":600,"label":"600"},"step":1,"from":40,"to":120},"bentRateApplicableRange":{"minLimit":{"value":0,"label":"0"},"maxLimit":{"value":1,"label":"1"},"step":0.001,"from":0,"to":0.1}},"name":"Overall Path\n","uid":"7DT8QOgY3V","lock":true,"visible":false},{"segments":[{"controls":[{"uid":"jfFZT3ylln","x":-118.64634146341464,"y":55.536585365853654,"lock":false,"visible":true,"heading":0,"__type":"end-point"},{"uid":"VhJ7X7BCru","x":-120.84146341463415,"y":-4.829268292682934,"lock":false,"visible":true,"__type":"control"},{"uid":"p5lYsGQkkv","x":-73.09756097560975,"y":24.804878048780484,"lock":false,"visible":true,"__type":"control"},{"uid":"6jsCCiU4J8","x":-59.3780487804878,"y":59.92682926829268,"lock":false,"visible":true,"heading":0,"__type":"end-point"}],"speedProfiles":[{"uid":"dPq7ma72Nx","xPos":0.018867924528301886,"yPos":0.8460038986354776,"followBentRate":true},{"uid":"E09n1ME2hv","xPos":0.7358490566037735,"yPos":0.7741230053123984,"followBentRate":false},{"uid":"WOSbeujK1o","xPos":0.8679245283018868,"yPos":0.3749187784275503,"followBentRate":false}],"lookaheadKeyframes":[],"uid":"FVUGkNIMx4"},{"controls":[{"uid":"6jsCCiU4J8","x":-59.3780487804878,"y":59.92682926829268,"lock":false,"visible":true,"heading":0,"__type":"end-point"},{"uid":"FbfrcYNS8s","x":-41.8170731707317,"y":104.3780487804878,"lock":false,"visible":true,"__type":"control"},{"uid":"JAcSrkNX4O","x":6.7431184361295955,"y":67.27705025372401,"lock":false,"visible":true,"__type":"control"},{"uid":"vxQOUd2jj4","x":-0.39102790533381915,"y":163.86241610738256,"lock":false,"visible":true,"heading":0,"__type":"end-point"}],"speedProfiles":[{"uid":"e2wwgzdiDA","xPos":0.05263157894736842,"yPos":0.3586744639376218,"followBentRate":false},{"uid":"duvPVZ30Ng","xPos":0.21052631578947367,"yPos":0.75787869082247,"followBentRate":true},{"uid":"4w0S9SFMbB","xPos":0.3684210526315789,"yPos":0.32618583495776476,"followBentRate":false},{"uid":"2MF0FbBtrg","xPos":0.543859649122807,"yPos":0.8460038986354776,"followBentRate":true},{"uid":"yB9ewhCgCI","xPos":0.6712328767123288,"yPos":0.44923671551382793,"followBentRate":false}],"lookaheadKeyframes":[],"uid":"Klucku25ki"}],"pc":{"speedLimit":{"minLimit":{"value":0,"label":"0"},"maxLimit":{"value":600,"label":"600"},"step":1,"from":20,"to":84},"bentRateApplicableRange":{"minLimit":{"value":0,"label":"0"},"maxLimit":{"value":1,"label":"1"},"step":0.001,"from":0,"to":0.085}},"name":"Rings 1 Path","uid":"1anDhLsTnh","lock":true,"visible":false},{"segments":[{"controls":[{"uid":"lGQrIwzpn5","x":8.67073170731708,"y":160.35365853658539,"lock":false,"visible":true,"heading":0,"__type":"end-point"},{"uid":"DKxc3UH8G6","x":-3.951219512195116,"y":59.92682926829268,"lock":false,"visible":true,"__type":"control"},{"uid":"scTgEsl689","x":-48.40243902439024,"y":80.23170731707317,"lock":false,"visible":true,"__type":"control"},{"uid":"lzo3Su8ZqR","x":-61.02439024390244,"y":119.7439024390244,"lock":false,"visible":true,"heading":0,"__type":"end-point"}],"speedProfiles":[{"uid":"ZDxNRv895n","xPos":0.021739130434782608,"yPos":0.9597141000649773,"followBentRate":true},{"uid":"rrNUtOO5mJ","xPos":0.8695652173913043,"yPos":0.3517708285742568,"followBentRate":false}],"lookaheadKeyframes":[],"uid":"Hu0E3uWkNm"},{"controls":[{"uid":"lzo3Su8ZqR","x":-61.02439024390244,"y":119.7439024390244,"lock":false,"visible":true,"heading":0,"__type":"end-point"},{"uid":"zi0zbAQRtP","x":-87.91463414634147,"y":203.15853658536585,"lock":false,"visible":true,"__type":"control"},{"uid":"nPzytyMyLP","x":-97.2439024390244,"y":144.4390243902439,"lock":false,"visible":true,"__type":"control"},{"uid":"xEQMD5CSLg","x":-144.9878048780488,"y":149.9268292682927,"lock":false,"visible":true,"heading":0,"__type":"end-point"}],"speedProfiles":[{"uid":"2xqO0IG71Q","xPos":0.075,"yPos":0.3586744639376218,"followBentRate":false},{"uid":"9HwNpJaryQ","xPos":0.2,"yPos":0.9109811565951916,"followBentRate":true}],"lookaheadKeyframes":[],"uid":"9gQl6ulycx"}],"pc":{"speedLimit":{"minLimit":{"value":0,"label":"0"},"maxLimit":{"value":600,"label":"600"},"step":1,"from":14,"to":87},"bentRateApplicableRange":{"minLimit":{"value":0,"label":"0"},"maxLimit":{"value":1,"label":"1"},"step":0.001,"from":0,"to":0.062}},"name":"Rings 1.5 Path","uid":"E8hZdF6bc3","lock":true,"visible":false},{"segments":[{"controls":[{"uid":"1ZsXKkrBcr","x":-153.76829268292684,"y":150.47560975609755,"lock":false,"visible":true,"heading":0,"__type":"end-point"},{"uid":"QxpaWfajeL","x":-24.804878048780484,"y":149.9268292682927,"lock":false,"visible":true,"heading":0,"__type":"end-point"}],"speedProfiles":[{"uid":"bqHAnlFtEP","xPos":0,"yPos":0.2218163126548286,"followBentRate":false}],"lookaheadKeyframes":[],"uid":"HnlOoXutKx"}],"pc":{"speedLimit":{"minLimit":{"value":0,"label":"0"},"maxLimit":{"value":600,"label":"600"},"step":1,"from":40,"to":120},"bentRateApplicableRange":{"minLimit":{"value":0,"label":"0"},"maxLimit":{"value":1,"label":"1"},"step":0.001,"from":0,"to":0.1}},"name":"Rings 1.6","uid":"oFs7o7V5ih","lock":true,"visible":false},{"segments":[{"controls":[{"uid":"wF0Plyzgn9","x":-21.512195121951216,"y":148.28048780487805,"lock":false,"visible":true,"heading":0,"__type":"end-point"},{"uid":"c8kGQsUmL5","x":-37.32144118685978,"y":126.9320028258566,"lock":false,"visible":true,"__type":"control"},{"uid":"noIBMXLCKF","x":-27.002649240551058,"y":106.29441893323916,"lock":false,"visible":true,"__type":"control"},{"uid":"QXh95h3cs4","x":-120.84146341463415,"y":119.19512195121952,"lock":false,"visible":true,"heading":0,"__type":"end-point"}],"speedProfiles":[{"uid":"8ktXxgCyiq","xPos":0,"yPos":1,"followBentRate":true},{"uid":"LbpW9i75Sk","xPos":0.3888888888888889,"yPos":0.3355265140843282,"followBentRate":false},{"uid":"zhiddXo8SK","xPos":0.5370370370370371,"yPos":0.38425945755411384,"followBentRate":false},{"uid":"GnMeO6ET9g","xPos":0.7592592592592593,"yPos":0.6441684893929702,"followBentRate":false},{"uid":"2gOHUEwEgB","xPos":0.9074074074074074,"yPos":0.25430494163468564,"followBentRate":false}],"lookaheadKeyframes":[],"uid":"wEAhXBbdIV"},{"controls":[{"uid":"QXh95h3cs4","x":-120.84146341463415,"y":119.19512195121952,"lock":false,"visible":true,"heading":0,"__type":"end-point"},{"uid":"nWqov83f9Y","x":-191.56022606852704,"y":119.32868244436597,"lock":false,"visible":true,"heading":0,"__type":"end-point"}],"speedProfiles":[],"lookaheadKeyframes":[],"uid":"d2P1B5EZsH"}],"pc":{"speedLimit":{"minLimit":{"value":0,"label":"0"},"maxLimit":{"value":600,"label":"600"},"step":1,"from":22,"to":85},"bentRateApplicableRange":{"minLimit":{"value":0,"label":"0"},"maxLimit":{"value":1,"label":"1"},"step":0.001,"from":0,"to":0.037}},"name":"Rings 1.75 Path","uid":"Sm5AsXlNCB","lock":true,"visible":false},{"segments":[{"controls":[{"uid":"icx4JTVg2X","x":-0.9341222182974362,"y":-0.15206640762979798,"lock":false,"visible":true,"heading":0,"__type":"end-point"},{"uid":"V26pNh40si","x":-0.47560975609759637,"y":-0.4390243902439711,"lock":false,"visible":true,"heading":0,"__type":"end-point"}],"speedProfiles":[],"lookaheadKeyframes":[],"uid":"pTtfzB6IOZ"}],"pc":{"speedLimit":{"minLimit":{"value":0,"label":"0"},"maxLimit":{"value":600,"label":"600"},"step":1,"from":40,"to":120},"bentRateApplicableRange":{"minLimit":{"value":0,"label":"0"},"maxLimit":{"value":1,"label":"1"},"step":0.001,"from":0,"to":0.1}},"name":"DividerPath","uid":"oNsVANTwBy","lock":true,"visible":false},{"segments":[{"controls":[{"uid":"PyJsa3qwKw","x":-177.8803311154334,"y":-0.4347436641837052,"lock":false,"visible":true,"heading":0,"__type":"end-point"},{"uid":"qpIxj6fMnm","x":-96.07255811011599,"y":-54.57224050593787,"lock":false,"visible":true,"__type":"control"},{"uid":"BjC4Afsjzb","x":-133.36727815665776,"y":-67.80585084503335,"lock":false,"visible":true,"__type":"control"},{"uid":"nBjtJmCB7e","x":-59.379365806260395,"y":-91.86696055247961,"lock":false,"visible":true,"heading":0,"__type":"end-point"}],"speedProfiles":[{"uid":"3ARovNzBI9","xPos":0,"yPos":0.9759584145549057,"followBentRate":true}],"lookaheadKeyframes":[],"uid":"UUiM0DI9Wa"},{"controls":[{"uid":"nBjtJmCB7e","x":-59.379365806260395,"y":-91.86696055247961,"lock":false,"visible":true,"heading":0,"__type":"end-point"},{"uid":"Jf01rDvMK7","x":-16.069368332857074,"y":-98.48376572202731,"lock":false,"visible":true,"__type":"control"},{"uid":"HqmLI4TJgM","x":-1.6327025083892637,"y":-94.87459926591039,"lock":false,"visible":true,"__type":"control"},{"uid":"8jEgu96S5c","x":60.92618273097108,"y":-91.26543280979347,"lock":false,"visible":true,"heading":0,"__type":"end-point"}],"speedProfiles":[{"uid":"S5tessO0rA","xPos":0.6885245901639344,"yPos":1,"followBentRate":false},{"uid":"9QGXnrcsab","xPos":0.8032786885245902,"yPos":0.10810611122532887,"followBentRate":false},{"uid":"ubh9seBw19","xPos":0.9344262295081968,"yPos":0.40740740740740733,"followBentRate":false}],"lookaheadKeyframes":[],"uid":"CaIJGLPv7G"},{"controls":[{"uid":"8jEgu96S5c","x":60.92618273097108,"y":-91.26543280979347,"lock":false,"visible":true,"heading":0,"__type":"end-point"},{"uid":"kcQodnEFs7","x":125.01219512195124,"y":-91.53658536585367,"lock":false,"visible":true,"__type":"control"},{"uid":"EgnOo1vA0I","x":98.12195121951223,"y":-40.499999999999986,"lock":false,"visible":true,"__type":"control"},{"uid":"NUEJcF4GVa","x":134.34146341463418,"y":-27.329268292682936,"lock":false,"visible":true,"heading":0,"__type":"end-point"}],"speedProfiles":[],"lookaheadKeyframes":[],"uid":"RlNSCnW7SS"}],"pc":{"speedLimit":{"minLimit":{"value":0,"label":"0"},"maxLimit":{"value":600,"label":"600"},"step":1,"from":16,"to":95},"bentRateApplicableRange":{"minLimit":{"value":0,"label":"0"},"maxLimit":{"value":1,"label":"1"},"step":0.001,"from":0,"to":0.04}},"name":"Goal3","uid":"q5n0CdHFNJ","lock":false,"visible":true},{"segments":[{"controls":[{"uid":"5mdO4fF1Ea","x":120.47742925690065,"y":-0.4347436641837052,"lock":false,"visible":true,"heading":0,"__type":"end-point"},{"uid":"SzrxrgWvMx","x":113.86062408735297,"y":-81.64098892681496,"lock":false,"visible":true,"__type":"control"},{"uid":"YyEugRWrKR","x":92.20562535065126,"y":-84.04709989755959,"lock":false,"visible":true,"__type":"control"},{"uid":"Mhv37EVkDy","x":60.92618273097108,"y":-59.9859901901133,"lock":false,"visible":true,"heading":0,"__type":"end-point"}],"speedProfiles":[{"uid":"jbPzyl8eND","xPos":0,"yPos":1,"followBentRate":true},{"uid":"ggiMPzQM4f","xPos":0.4067796610169492,"yPos":0.5536062378167641,"followBentRate":true},{"uid":"Kq5310rUD1","xPos":0.5423728813559322,"yPos":0.2449642625081221,"followBentRate":true},{"uid":"nsMBFGB7Il","xPos":0.8135593220338984,"yPos":0.22871994801819362,"followBentRate":true}],"lookaheadKeyframes":[],"uid":"q8VsaL2Zqu"},{"controls":[{"uid":"Mhv37EVkDy","x":60.92618273097108,"y":-59.9859901901133,"lock":false,"visible":true,"heading":0,"__type":"end-point"},{"uid":"nwa18Yn503","x":21.826879456370836,"y":-23.292797886257695,"lock":false,"visible":true,"__type":"control"},{"uid":"mpQEAFuWZz","x":46.489516906503326,"y":-46.150852108331705,"lock":false,"visible":true,"__type":"control"},{"uid":"nlRRjkh7oF","x":-14.264785104798566,"y":14.603449902970212,"lock":false,"visible":true,"heading":0,"__type":"end-point"}],"speedProfiles":[{"uid":"M3SxAQFTOM","xPos":0.05660377358490566,"yPos":0.5467026024533992,"followBentRate":true},{"uid":"FxMJ3OH2Mw","xPos":0.16981132075471697,"yPos":1,"followBentRate":false},{"uid":"xf7BwmXU9f","xPos":0.4339622641509434,"yPos":0.9040775212318266,"followBentRate":false},{"uid":"7o6s4tBYVZ","xPos":0.6981132075471698,"yPos":0.2218163126548286,"followBentRate":false}],"lookaheadKeyframes":[],"uid":"rWULTLlo72"}],"pc":{"speedLimit":{"minLimit":{"value":0,"label":"0"},"maxLimit":{"value":600,"label":"600"},"step":1,"from":18,"to":101},"bentRateApplicableRange":{"minLimit":{"value":0,"label":"0"},"maxLimit":{"value":1,"label":"1"},"step":0.001,"from":0,"to":0.056}},"name":"Rings Final1","uid":"5kXKcF9UVu","lock":false,"visible":true},{"segments":[{"controls":[{"uid":"t4ADrGIIj5","x":-12.460201876740122,"y":-11.8637707752207,"lock":false,"visible":true,"heading":0,"__type":"end-point"},{"uid":"dxcAG14Al1","x":59.72312724559875,"y":59.11650286174587,"lock":false,"visible":true,"heading":0,"__type":"end-point"}],"speedProfiles":[{"uid":"bOpuKwL0YZ","xPos":0.019230769230769232,"yPos":0.9922027290448343,"followBentRate":true},{"uid":"dwW2WjIWxG","xPos":0.9038461538461539,"yPos":0.39116309291747886,"followBentRate":false}],"lookaheadKeyframes":[],"uid":"Qed5NFzE9l"},{"controls":[{"uid":"dxcAG14Al1","x":59.72312724559875,"y":59.11650286174587,"lock":false,"visible":true,"heading":0,"__type":"end-point"},{"uid":"1C0hUhNKDP","x":82.58118146767274,"y":100.62191710709074,"lock":false,"visible":true,"__type":"control"},{"uid":"TTrIH8uRhi","x":57.317016274854126,"y":109.34406937604001,"lock":false,"visible":true,"__type":"control"},{"uid":"gQ8vgda6tf","x":57.317016274854126,"y":139.1196926390048,"lock":false,"visible":true,"heading":0,"__type":"end-point"}],"speedProfiles":[{"uid":"2y9Wqo57Lr","xPos":0.14634146341463414,"yPos":0.6673164392462638,"followBentRate":false},{"uid":"roNpVLSY2i","xPos":0.34146341463414637,"yPos":0.25430494163468564,"followBentRate":false},{"uid":"SxqZYtSVTG","xPos":0.5853658536585366,"yPos":0.6023391812865497,"followBentRate":true}],"lookaheadKeyframes":[],"uid":"yZboXPtjZr"}],"pc":{"speedLimit":{"minLimit":{"value":0,"label":"0"},"maxLimit":{"value":600,"label":"600"},"step":1,"from":18,"to":93},"bentRateApplicableRange":{"minLimit":{"value":0,"label":"0"},"maxLimit":{"value":1,"label":"1"},"step":0.001,"from":0,"to":0.043}},"name":"Rings Final2","uid":"mK6TN7Ghie","lock":true,"visible":true}]}