#PATH-POINTS-START Path
-178.526,-0.695,120,0
-176.846,0.39,120
-175.185,1.504,120
-173.547,2.652,120
-171.934,3.833,120
-170.348,5.052,120
-168.79,6.306,120
-167.266,7.601,120
-165.776,8.935,120
-164.323,10.31,120
-162.911,11.726,120
-161.543,13.184,120
-160.221,14.685,120
-158.948,16.227,120
-157.725,17.81,120
-156.553,19.43,120
-155.431,21.085,120
-154.359,22.774,120
-153.334,24.491,120
-152.35,26.233,120
-151.403,27.994,120
-150.483,29.77,120
-149.581,31.555,120
-148.687,33.344,120
-147.788,35.131,120
-146.871,36.908,120
-145.923,38.669,120
-144.932,40.406,120
-143.888,42.112,120
-142.777,43.775,120
-141.597,45.389,120
-140.343,46.947,120
-139.013,48.44,120
-137.61,49.866,120
-136.138,51.219,120
-134.602,52.5,120
-133.01,53.71,120
-131.368,54.851,120
-129.681,55.925,120
-127.956,56.937,120
-126.198,57.89,120
-124.411,58.789,120
-122.601,59.639,120
-120.768,60.44,120
-118.918,61.2,120
-117.052,61.919,120
-115.173,62.603,120
-113.281,63.251,120
-111.182,63.933,120,0
-111.182,63.933,0,0
#PATH-POINTS-START Path
-118.786,57.416,95.049,0
-117.846,59.182,94.872
-116.897,60.942,94.503
-115.936,62.696,94.312
-114.963,64.444,93.914
-113.979,66.184,93.707
-112.981,67.918,93.28
-111.97,69.643,92.833
-110.946,71.361,92.601
-109.906,73.07,92.124
-108.851,74.769,91.628
-107.78,76.458,91.113
-106.693,78.137,90.58
-105.589,79.804,90.031
-104.466,81.459,89.467
-103.325,83.102,88.889
-102.164,84.73,88.301
-100.982,86.344,87.706
-99.779,87.941,87.105
-98.554,89.522,86.504
-97.307,91.085,85.905
-96.035,92.629,85.024
-94.739,94.152,84.455
-93.418,95.654,83.907
-92.071,97.132,83.137
-90.698,98.586,82.667
-89.297,100.014,82.045
-87.871,101.416,81.694
-86.417,102.789,81.278
-84.935,104.133,81.01
-83.428,105.447,80.908
-81.894,106.73,80.937
-80.333,107.981,81.135
-78.748,109.201,81.52
-77.14,110.389,82.092
-75.508,111.546,82.845
-73.856,112.673,83.768
-72.184,113.77,84.846
-70.494,114.839,86.058
-68.787,115.882,87.384
-67.066,116.901,88.8
-65.332,117.897,90.279
-63.587,118.874,91.289
-61.832,119.833,92.821,0
-60.176,120.955,97.844
-58.522,122.079,97.388
-56.863,123.196,96.932
-55.2,124.307,96.475
-53.532,125.411,96.012
-51.859,126.506,95.699
-50.18,127.592,95.221
-48.494,128.669,94.731
-46.802,129.735,94.225
-45.102,130.789,93.7
-43.395,131.831,93.154
-41.68,132.86,92.776
-39.956,133.874,92.188
-38.224,134.873,91.569
-36.482,135.856,90.917
-34.73,136.821,90.229
-32.968,137.768,89.5
-31.196,138.694,88.99
-29.412,139.598,88.185
-27.617,140.48,87.33
-25.809,141.336,86.418
-23.99,142.166,85.448
-22.158,142.968,84.413
-20.312,143.739,83.309
-18.454,144.478,82.133
-16.581,145.181,80.88
-14.695,145.846,79.547
-12.795,146.47,78.131
-10.881,147.051,76.629
-8.954,147.585,75.04
-7.013,148.068,73.367
-5.06,148.496,71.008
-3.094,148.866,69.151
-1.118,149.173,67.229,0
0.876,149.072,74.931
2.866,148.881,75.396
4.852,148.64,75.86
6.83,148.347,76.549
8.801,148.005,77.001
10.762,147.616,77.445
12.714,147.179,78.095
14.655,146.697,78.515
16.584,146.171,78.923
18.502,145.602,79.512
20.406,144.99,79.887
22.297,144.338,80.248
24.173,143.647,80.595
26.035,142.916,81.086
27.882,142.148,81.394
29.713,141.344,81.687
31.528,140.504,82.096
33.326,139.628,82.348
35.107,138.719,82.585
36.871,137.777,82.805
38.618,136.803,83.105
40.346,135.796,83.285
42.056,134.759,83.449
43.748,133.692,83.596
45.42,132.595,83.787
47.072,131.468,83.894
48.705,130.313,83.984
50.318,129.131,84.059
51.911,127.921,84.14
53.482,126.683,84.173
55.031,125.419,84.19
56.56,124.13,84.19
58.066,122.814,84.158
59.549,121.472,84.115
61.01,120.106,84.055
62.446,118.714,83.977
63.859,117.299,83.827
65.246,115.858,83.704
66.609,114.394,83.562
67.945,112.906,83.4
69.255,111.394,83.121
70.537,109.859,82.91
71.791,108.301,82.677
72.927,106.838,82.423,0
72.927,106.838,0,0
#PATH.JERRYIO-DATA {"appVersion":"0.8.3","format":"path.jerryio v0.1","gc":{"robotWidth":18,"robotHeight":18,"robotIsHolonomic":false,"showRobot":true,"uol":2.54,"pointDensity":0.7874015748031495,"controlMagnetDistance":1.968503937007874,"fieldImage":{"displayName":"V5RC 2025 - High Stakes (Skills)","signature":"V5RC 2025 - High Stakes (Skills)","origin":{"__type":"built-in"}},"coordinateSystem":"VEX Gaming Positioning System"},"paths":[{"segments":[{"controls":[{"uid":"H5TodAbKYW","x":-70.28581203047253,"y":-0.2736853230682736,"lock":false,"visible":true,"heading":0,"__type":"end-point"},{"uid":"hCmSJ3R4hb","x":-54.03574597329343,"y":9.989514291992206,"lock":false,"visible":true,"__type":"control"},{"uid":"xRKIT952Xa","x":-62.80222897782426,"y":19.18363061381722,"lock":false,"visible":true,"__type":"control"},{"uid":"gNsa4yN54R","x":-43.77254635823295,"y":25.17049705593583,"lock":false,"visible":true,"heading":0,"__type":"end-point"}],"speedProfiles":[],"lookaheadKeyframes":[],"uid":"Xre8gRJZyO"}],"pc":{"speedLimit":{"minLimit":{"value":0,"label":"0"},"maxLimit":{"value":600,"label":"600"},"step":1,"from":24,"to":120},"bentRateApplicableRange":{"minLimit":{"value":0,"label":"0"},"maxLimit":{"value":1,"label":"1"},"step":0.001,"from":0,"to":0.1}},"name":"Path","uid":"OyjGYRQoYn","lock":false,"visible":true},{"segments":[{"controls":[{"uid":"fU3o3x8ZUc","x":-46.76597957929226,"y":22.60469715217071,"lock":false,"visible":true,"heading":0,"__type":"end-point"},{"uid":"NlnNYWRl7y","x":-38.64094655070271,"y":37.99949657476144,"lock":false,"visible":true,"__type":"control"},{"uid":"lz2k5s7c1T","x":-32.22644679128991,"y":42.917279723644576,"lock":false,"visible":true,"__type":"control"},{"uid":"W2JnQZ1EHs","x":-24.315230421347458,"y":47.193612896586444,"lock":false,"visible":true,"heading":0,"__type":"end-point"}],"speedProfiles":[{"uid":"qyNvtDn3me","xPos":0,"yPos":0.9889271209272805,"followBentRate":true}],"lookaheadKeyframes":[],"uid":"1s6s15l2wi"},{"controls":[{"uid":"W2JnQZ1EHs","x":-24.315230421347458,"y":47.193612896586444,"lock":false,"visible":true,"heading":0,"__type":"end-point"},{"uid":"D02RiWKtyj","x":-16.83164736869919,"y":52.32521270411669,"lock":false,"visible":true,"__type":"control"},{"uid":"8onZCGb1oT","x":-8.27898102281546,"y":57.67062917029401,"lock":false,"visible":true,"__type":"control"},{"uid":"CzbU1xen93","x":-0.36776465287300636,"y":58.73971246352948,"lock":false,"visible":true,"heading":0,"__type":"end-point"}],"speedProfiles":[],"lookaheadKeyframes":[],"uid":"OAWa5eRfMl"},{"controls":[{"uid":"CzbU1xen93","x":-0.36776465287300636,"y":58.73971246352948,"lock":false,"visible":true,"heading":0,"__type":"end-point"},{"uid":"veKXcHLdgq","x":10.750701596775846,"y":58.098262487588194,"lock":false,"visible":true,"__type":"control"},{"uid":"TKFUg4PnRm","x":21.8691678464247,"y":51.042312752234125,"lock":false,"visible":true,"__type":"control"},{"uid":"KX5J04641w","x":28.711300923131684,"y":42.0620130890562,"lock":false,"visible":true,"heading":0,"__type":"end-point"}],"speedProfiles":[],"lookaheadKeyframes":[],"uid":"e22WqGNBHl"}],"pc":{"speedLimit":{"minLimit":{"value":0,"label":"0"},"maxLimit":{"value":600,"label":"600"},"step":1,"from":22,"to":101},"bentRateApplicableRange":{"minLimit":{"value":0,"label":"0"},"maxLimit":{"value":1,"label":"1"},"step":0.001,"from":0,"to":0.04}},"name":"Path","uid":"wGc8MWg1lj","lock":false,"visible":true}]}